27.753395,1.0,1.0005275,1.0,1.0,1.0,8.8695,1.0,168.13676,113.63336,33.84103,1.0,1.0,1.0,65.2005,43.89361,1.0,73.100975,1.0,1.0,1.0,1.0,75.7192,1.0,1.0
27.862139,1.0,1.0005102,1.0,1.0,1.0,8.896059,1.0,168.84187,114.11099,33.97474,1.0,1.0,1.0,65.469086,44.070553,1.0,73.40316,1.0,1.0,1.0,1.0,76.031715,1.0,1.0
28.187002,1.0,1.0004568,1.0,1.0,1.0,8.979307,1.0,170.89561,115.500565,34.364166,1.0,1.0,1.0,66.26235,44.587307,1.0,74.29041,1.0,1.0,1.0,1.0,76.93699,1.0,1.0
28.846935,1.0,1.0003662,1.0,1.0,1.0,9.145584,1.0,175.08994,118.34111,35.15856,1.0,1.0,1.0,67.87885,45.641636,1.0,76.10042,1.0,1.0,1.0,1.0,78.78724,1.0,1.0
29.140667,1.0,1.0003123,1.0,1.0,1.0,9.218544,1.0,176.76656,119.50147,35.46816,1.0,1.0,1.0,68.596405,46.075253,1.0,76.878586,1.0,1.0,1.0,1.0,79.49034,1.0,1.0
29.358936,1.0,1.0002637,1.0,1.0,1.0,9.269831,1.0,177.84653,120.27861,35.66112,1.0,1.0,1.0,69.13745,46.37209,1.0,77.441154,1.0,1.0,1.0,1.0,79.91052,1.0,1.0
28.568928,1.0,1.0003695,1.0,1.0,1.0,9.073979,1.0,173.08284,117.01424,34.76625,1.0,1.0,1.0,67.20261,45.153843,1.0,75.31163,1.0,1.0,1.0,1.0,77.84818,1.0,1.0
40.417522,1.0,1.0,1.0,1.0,1.0,11.596159,1.0,209.80228,150.92346,43.406113,1.0,1.0,1.0,96.87526,60.093224,1.0,103.55905,1.0,1.0,1.0,1.0,94.155815,1.0,1.0
40.896244,1.0,1.0,1.0,1.0,1.0,11.740747,1.0,210.35458,152.04292,43.835533,1.0,1.0,1.0,98.19808,60.772472,1.0,104.725655,1.0,1.0,1.0,1.0,94.76636,1.0,1.0
40.04549,1.0,1.0,1.0097125,1.0,1.0,13.058376,1.0,124.077835,118.37751,44.021595,1.0,1.0,1.0,90.52886,57.086353,1.0,93.615234,1.0,1.0,1.0,1.0,82.63233,1.0,1.0
38.194923,1.0,1.0,1.0,1.0,1.0,11.086109,1.0,213.04547,148.34856,42.446354,1.0,1.0,1.0,90.54439,57.57429,1.0,98.68108,1.0,1.0,1.0,1.0,94.16566,1.0,1.0
40.862286,1.0,1.0,1.0,1.0,1.0,11.702153,1.0,212.23575,152.67018,43.89845,1.0,1.0,1.0,97.94008,60.76267,1.0,104.71609,1.0,1.0,1.0,1.0,95.26861,1.0,1.0
40.689358,1.0,1.0,1.0076447,1.0,1.0,13.215378,1.0,127.007225,120.66399,44.691986,1.0,1.0,1.0,92.09413,58.022835,1.0,95.251366,1.0,1.0,1.0,1.0,84.05909,1.0,1.0
38.67018,1.0,1.0,1.0,1.0,1.0,11.157435,1.0,212.94672,149.07057,42.58183,1.0,1.0,1.0,91.84374,58.078697,1.0,99.730156,1.0,1.0,1.0,1.0,94.16961,1.0,1.0
40.942142,1.0,1.0,1.0,1.0,1.0,11.739345,1.0,211.39645,152.51062,43.920574,1.0,1.0,1.0,98.24043,60.85457,1.0,104.87373,1.0,1.0,1.0,1.0,95.09907,1.0,1.0
40.919376,1.0,1.0,1.0066223,1.0,1.0,13.262205,1.0,128.39749,121.60545,44.915516,1.0,1.0,1.0,92.68733,58.362663,1.0,95.87542,1.0,1.0,1.0,1.0,84.59147,1.0,1.0
38.543934,1.0,1.0,1.0,1.0,1.0,11.138321,1.0,213.03673,148.90085,42.55032,1.0,1.0,1.0,91.492195,57.94571,1.0,99.4526,1.0,1.0,1.0,1.0,94.1878,1.0,1.0
40.750008,1.0,1.0,1.0,1.0,1.0,11.672327,1.0,211.79935,152.29366,43.781372,1.0,1.0,1.0,97.65602,60.59639,1.0,104.43021,1.0,1.0,1.0,1.0,95.03596,1.0,1.0
40.924267,1.0,1.0,1.0072347,1.0,1.0,13.277486,1.0,127.88989,121.426285,44.940674,1.0,1.0,1.0,92.64402,58.35671,1.0,95.82279,1.0,1.0,1.0,1.0,84.56244,1.0,1.0
38.386356,1.0,1.0,1.0,1.0,1.0,11.108373,1.0,212.57195,148.45134,42.43745,1.0,1.0,1.0,91.09002,57.741093,1.0,99.07207,1.0,1.0,1.0,1.0,93.97277,1.0,1.0
40.738297,1.0,1.0,1.0,1.0,1.0,11.67206,1.0,211.57722,152.18987,43.761158,1.0,1.0,1.0,97.64231,60.576168,1.0,104.39454,1.0,1.0,1.0,1.0,94.961876,1.0,1.0
40.905884,1.0,1.0,1.0029562,1.0,1.0,13.129822,1.0,133.07367,123.307106,44.70851,1.0,1.0,1.0,93.134766,58.445515,1.0,96.40815,1.0,1.0,1.0,1.0,84.90424,1.0,1.0
38.175842,1.0,1.0,1.0,1.0,1.0,11.080529,1.0,212.85985,148.23825,42.41381,1.0,1.0,1.0,90.50148,57.53837,1.0,98.62444,1.0,1.0,1.0,1.0,94.083244,1.0,1.0
40.761578,1.0,1.0,1.0,1.0,1.0,11.680626,1.0,211.49446,152.20361,43.77625,1.0,1.0,1.0,97.71604,60.606686,1.0,104.44696,1.0,1.0,1.0,1.0,94.95966,1.0,1.0
40.819637,1.0,1.0,1.0027593,1.0,1.0,13.093033,1.0,133.2697,123.21845,44.59542,1.0,1.0,1.0,92.98499,58.3334,1.0,96.259895,1.0,1.0,1.0,1.0,84.75634,1.0,1.0
37.062263,1.0,1.0000005,1.0,1.0,1.0,10.879003,1.0,211.13521,145.83458,41.93341,1.0,1.0,1.0,87.65935,56.31821,1.0,96.1226,1.0,1.0,1.0,1.0,93.397675,1.0,1.0
40.798546,1.0,1.0,1.0,1.0,1.0,11.684025,1.0,212.06567,152.48412,43.83475,1.0,1.0,1.0,97.77271,60.66928,1.0,104.55683,1.0,1.0,1.0,1.0,95.156555,1.0,1.0
40.74432,1.0,1.0,1.0032601,1.0,1.0,13.097098,1.0,132.12206,122.65277,44.549873,1.0,1.0,1.0,92.720856,58.206627,1.0,95.97255,1.0,1.0,1.0,1.0,84.53084,1.0,1.0
35.732033,1.0,1.0000024,1.0,1.0,1.0,10.655249,1.0,207.95035,142.55817,41.296295,1.0,1.0,1.0,84.43957,54.913418,1.0,93.21844,1.0,1.0,1.0,1.0,92.316734,1.0,1.0
40.696564,1.0,1.0,1.0,1.0,1.0,11.640812,1.0,212.82123,152.56929,43.788654,1.0,1.0,1.0,97.41628,60.544086,1.0,104.34256,1.0,1.0,1.0,1.0,95.2794,1.0,1.0
40.532112,1.0,1.0,1.0009817,1.0,1.0,12.844267,1.0,138.57077,124.642624,44.032413,1.0,1.0,1.0,92.950096,58.0582,1.0,96.31786,1.0,1.0,1.0,1.0,84.605064,1.0,1.0
40.826813,1.0,1.0,1.0,1.0,1.0,11.631783,1.0,216.27269,154.08688,44.064045,1.0,1.0,1.0,97.49048,60.793327,1.0,104.779434,1.0,1.0,1.0,1.0,96.3832,1.0,1.0
41.3308,1.0,1.0,1.0,1.0,1.0,11.868624,1.0,210.2616,152.82523,44.172832,1.0,1.0,1.0,99.382774,61.337456,1.0,105.71191,1.0,1.0,1.0,1.0,95.15137,1.0,1.0
40.63039,1.0,1.0,1.0015767,1.0,1.0,12.946423,1.0,136.0715,123.89827,44.247475,1.0,1.0,1.0,92.892105,58.13449,1.0,96.21368,1.0,1.0,1.0,1.0,84.600876,1.0,1.0
39.610374,1.0,1.0,1.0,1.0,1.0,11.365923,1.0,217.09583,152.34442,43.474785,1.0,1.0,1.0,94.15531,59.41754,1.0,102.10323,1.0,1.0,1.0,1.0,96.07949,1.0,1.0
41.17918,1.0,1.0,1.0,1.0,1.0,11.801771,1.0,212.22343,153.2651,44.155613,1.0,1.0,1.0,98.84666,61.19834,1.0,105.46979,1.0,1.0,1.0,1.0,95.55268,1.0,1.0
40.61551,1.0,1.0,1.0012245,1.0,1.0,12.901504,1.0,137.5017,124.39771,44.16943,1.0,1.0,1.0,93.00462,58.14211,1.0,96.35178,1.0,1.0,1.0,1.0,84.67509,1.0,1.0
33.700813,1.0,1.0000207,1.0,1.0,1.0,10.275195,1.0,201.00774,136.72731,39.99255,1.0,1.0,1.0,79.624466,52.580055,1.0,88.60553,1.0,1.0,1.0,1.0,89.709946,1.0,1.0
40.26998,1.0,1.0,1.0,1.0,1.0,11.522514,1.0,211.59322,151.3055,43.374798,1.0,1.0,1.0,96.29855,59.92741,1.0,103.27518,1.0,1.0,1.0,1.0,94.53492,1.0,1.0
40.687374,1.0,1.0,1.0014827,1.0,1.0,12.9534235,1.0,136.56479,124.186905,44.296314,1.0,1.0,1.0,93.053635,58.22139,1.0,96.38555,1.0,1.0,1.0,1.0,84.74325,1.0,1.0
35.939384,1.0,1.0000024,1.0,1.0,1.0,10.708785,1.0,209.5038,143.56738,41.593647,1.0,1.0,1.0,84.93721,55.277782,1.0,93.81086,1.0,1.0,1.0,1.0,93.0344,1.0,1.0
40.437965,1.0,1.0,1.0,1.0,1.0,11.556173,1.0,212.92928,152.1184,43.581264,1.0,1.0,1.0,96.660774,60.18706,1.0,103.72465,1.0,1.0,1.0,1.0,95.07669,1.0,1.0
40.72074,1.0,1.0,1.0020162,1.0,1.0,13.011738,1.0,134.85835,123.61954,44.40683,1.0,1.0,1.0,92.94833,58.23087,1.0,96.249344,1.0,1.0,1.0,1.0,84.68257,1.0,1.0
34.73841,1.0,1.0000067,1.0,1.0,1.0,10.46706,1.0,204.3783,139.59364,40.611755,1.0,1.0,1.0,82.06761,53.727932,1.0,90.92448,1.0,1.0,1.0,1.0,90.9248,1.0,1.0
40.313942,1.0,1.0,1.0,1.0,1.0,11.527836,1.0,212.20448,151.61691,43.445045,1.0,1.0,1.0,96.36788,60.001583,1.0,103.40133,1.0,1.0,1.0,1.0,94.75841,1.0,1.0
40.737827,1.0,1.0,1.0042219,1.0,1.0,13.133835,1.0,130.5977,122.078735,44.602474,1.0,1.0,1.0,92.55328,58.163906,1.0,95.77621,1.0,1.0,1.0,1.0,84.407555,1.0,1.0
38.177933,1.0,1.0,1.0000229,1.0,1.0,11.56417,1.0,154.34186,126.09086,40.533813,1.0,1.0,1.0,89.80498,55.158886,1.0,93.40623,1.0,1.0,1.0,1.0,81.39777,1.0,1.0
39.531384,1.0,1.0,1.0000064,1.0,1.0,11.8252535,1.0,164.73274,132.5096,41.88874,1.0,1.0,1.0,93.4637,57.276623,1.0,97.35379,1.0,1.0,1.0,1.0,84.878204,1.0,1.0
36.03573,1.0,1.0000006,1.0,1.0,1.0,10.637269,1.0,204.76198,141.49,40.72599,1.0,1.0,1.0,85.20244,54.717194,1.0,93.3853,1.0,1.0,1.0,1.0,90.56811,1.0,1.0
40.424416,1.0,1.0,1.0000015,1.0,1.0,11.991487,1.0,174.55896,137.85944,42.858894,1.0,1.0,1.0,96.06944,58.83977,1.0,100.331635,1.0,1.0,1.0,1.0,87.69905,1.0,1.0
36.903534,1.0,1.0000001,1.0,1.0,1.0,10.790624,1.0,205.9103,143.27129,41.062943,1.0,1.0,1.0,87.4302,55.64533,1.0,95.32162,1.0,1.0,1.0,1.0,91.00047,1.0,1.0
40.530838,1.0,1.0,1.0000011,1.0,1.0,11.9976,1.0,176.79214,138.8921,42.971092,1.0,1.0,1.0,96.45495,59.065613,1.0,100.808426,1.0,1.0,1.0,1.0,88.179054,1.0,1.0
37.711143,1.0,1.0,1.0,1.0,1.0,10.88807,1.0,202.38437,143.13913,40.93028,1.0,1.0,1.0,89.829094,56.29374,1.0,96.87274,1.0,1.0,1.0,1.0,89.72711,1.0,1.0
40.34464,1.0,1.0,1.0000007,1.0,1.0,11.919824,1.0,178.55902,139.20523,42.771004,1.0,1.0,1.0,96.191414,58.89471,1.0,100.64044,1.0,1.0,1.0,1.0,88.12039,1.0,1.0
37.123516,1.0,1.0,1.0,1.0,1.0,10.804362,1.0,204.53323,143.04617,40.938496,1.0,1.0,1.0,88.112816,55.777164,1.0,95.72019,1.0,1.0,1.0,1.0,90.42709,1.0,1.0
40.002457,1.0,1.0,1.0000005,1.0,1.0,11.801307,1.0,179.80832,139.03642,42.408592,1.0,1.0,1.0,95.56266,58.50398,1.0,100.09923,1.0,1.0,1.0,1.0,87.742004,1.0,1.0
36.06682,1.0,1.0,1.0000107,1.0,1.0,10.902976,1.0,153.36322,121.7989,38.198486,1.0,1.0,1.0,85.385895,52.361954,1.0,89.057915,1.0,1.0,1.0,1.0,77.667694,1.0,1.0
38.715054,1.0,1.0,1.0000033,1.0,1.0,11.564826,1.0,166.15225,131.51802,41.023106,1.0,1.0,1.0,91.87094,56.290127,1.0,95.8962,1.0,1.0,1.0,1.0,83.73912,1.0,1.0
38.39235,1.0,1.0,1.0000069,1.0,1.0,11.52062,1.0,161.53189,129.18726,40.678577,1.0,1.0,1.0,90.854706,55.686558,1.0,94.69695,1.0,1.0,1.0,1.0,82.58165,1.0,1.0
39.865623,1.0,1.0,1.0000026,1.0,1.0,11.865033,1.0,170.47163,135.281,42.251472,1.0,1.0,1.0,94.59476,57.94579,1.0,98.71711,1.0,1.0,1.0,1.0,86.21241,1.0,1.0
36.504967,1.0,1.0,1.1435716,1.0,1.0,12.434737,1.0,99.603935,102.78923,40.75136,1.0,1.0,1.0,81.046455,51.80748,1.0,83.64272,1.0,1.0,1.0,1.0,74.29131,1.0,1.0
37.77145,1.0,1.0,1.2110804,1.0,1.0,12.895119,1.0,100.44162,105.49331,42.299255,1.0,1.0,1.0,83.61352,53.559193,1.0,86.27647,1.0,1.0,1.0,1.0,76.8214,1.0,1.0
37.97309,1.0,1.0,1.2202023,1.0,1.0,12.961779,1.0,100.712105,105.97039,42.532898,1.0,1.0,1.0,84.03454,53.836414,1.0,86.7086,1.0,1.0,1.0,1.0,77.22656,1.0,1.0
38.045506,1.0,1.0,1.0001183,1.0,1.0,11.752325,1.0,144.74126,122.24589,40.703415,1.0,1.0,1.0,88.59608,54.750507,1.0,92.005066,1.0,1.0,1.0,1.0,80.3584,1.0,1.0
36.76397,1.0,1.0,1.3743634,1.0,1.0,12.673687,1.0,95.1196,101.62541,41.22939,1.0,1.0,1.0,81.036766,52.011883,1.0,83.58094,1.0,1.0,1.0,1.0,74.58216,1.0,1.0
36.97717,1.0,1.0,1.5342674,1.0,1.0,12.821334,1.0,93.627686,101.58423,41.638287,1.0,1.0,1.0,81.32293,52.326954,1.0,83.88325,1.0,1.0,1.0,1.0,75.08625,1.0,1.0
38.611855,1.0,1.0,1.0002143,1.0,1.0,12.018088,1.0,142.72697,122.562485,41.48235,1.0,1.0,1.0,89.53318,55.49138,1.0,92.920265,1.0,1.0,1.0,1.0,81.27314,1.0,1.0
38.78296,1.0,1.0,1.0000392,1.0,1.0,11.81547,1.0,152.7465,126.61505,41.32132,1.0,1.0,1.0,90.85095,55.94154,1.0,94.436104,1.0,1.0,1.0,1.0,82.39045,1.0,1.0
39.317986,1.0,1.0,1.0000114,1.0,1.0,11.81161,1.0,160.96062,130.6984,41.685055,1.0,1.0,1.0,92.71542,56.86079,1.0,96.47094,1.0,1.0,1.0,1.0,84.0623,1.0,1.0
39.531677,1.0,1.0,1.0000136,1.0,1.0,11.8965435,1.0,160.54851,130.93375,41.955616,1.0,1.0,1.0,93.0995,57.137486,1.0,96.85285,1.0,1.0,1.0,1.0,84.42274,1.0,1.0
39.84333,1.0,1.0,1.0,1.0,1.0,11.554013,1.0,195.95454,144.76814,42.291298,1.0,1.0,1.0,95.999176,58.869347,1.0,101.425545,1.0,1.0,1.0,1.0,89.9753,1.0,1.0
28.56685,1.0,1.0003774,1.0,1.0,1.0,9.075729,1.0,173.10725,117.03366,34.78078,1.0,1.0,1.0,67.20857,45.17291,1.0,75.31733,1.0,1.0,1.0,1.0,77.885704,1.0,1.0
29.13269,1.0,1.0003157,1.0,1.0,1.0,9.218371,1.0,176.71992,119.48007,35.467693,1.0,1.0,1.0,68.590416,46.080067,1.0,76.86784,1.0,1.0,1.0,1.0,79.4898,1.0,1.0
29.007078,1.0,1.0003489,1.0,1.0,1.0,9.18515,1.0,176.10147,119.038284,35.35592,1.0,1.0,1.0,68.27819,45.907833,1.0,76.54356,1.0,1.0,1.0,1.0,79.249245,1.0,1.0
29.82658,1.0,1.0002162,1.0,1.0,1.0,9.385024,1.0,180.63747,122.208694,36.192776,1.0,1.0,1.0,70.290985,47.10373,1.0,78.70312,1.0,1.0,1.0,1.0,81.13681,1.0,1.0
31.773188,1.0,1.000057,1.0,1.0,1.0,9.8331585,1.0,190.3756,129.23373,37.988426,1.0,1.0,1.0,74.99558,49.772602,1.0,83.63029,1.0,1.0,1.0,1.0,85.12505,1.0,1.0
33.287567,1.0,1.0000165,1.0,1.0,1.0,10.151964,1.0,197.01082,134.25362,39.21911,1.0,1.0,1.0,78.60891,51.70755,1.0,87.28599,1.0,1.0,1.0,1.0,87.78554,1.0,1.0
36.50807,1.0,1.0000006,1.0,1.0,1.0,10.759073,1.0,208.37135,143.80443,41.4071,1.0,1.0,1.0,86.32986,55.542347,1.0,94.72741,1.0,1.0,1.0,1.0,92.19992,1.0,1.0
35.033504,1.0,1.0000032,1.0,1.0,1.0,10.493008,1.0,203.74355,139.66135,40.498642,1.0,1.0,1.0,82.76961,53.842793,1.0,91.373795,1.0,1.0,1.0,1.0,90.45193,1.0,1.0
34.984497,1.0,1.0000029,1.0,1.0,1.0,10.472746,1.0,203.00206,139.24748,40.358265,1.0,1.0,1.0,82.65204,53.70428,1.0,91.18264,1.0,1.0,1.0,1.0,90.08823,1.0,1.0
33.549168,1.0,1.0000129,1.0,1.0,1.0,10.203634,1.0,198.01659,135.05193,39.405266,1.0,1.0,1.0,79.22355,52.01901,1.0,87.88969,1.0,1.0,1.0,1.0,88.17644,1.0,1.0
35.385357,1.0,1.0,1.000309,1.0,1.0,11.088181,1.0,132.85185,112.85802,37.903378,1.0,1.0,1.0,82.14439,50.86964,1.0,85.26232,1.0,1.0,1.0,1.0,74.44972,1.0,1.0
37.517033,1.0,1.0,1.0000007,1.0,1.0,11.146576,1.0,171.27841,131.20857,39.75771,1.0,1.0,1.0,89.746826,54.962543,1.0,94.10967,1.0,1.0,1.0,1.0,82.50622,1.0,1.0
36.76291,1.0,1.0,1.0019865,1.0,1.0,11.795671,1.0,125.528404,112.713715,39.87288,1.0,1.0,1.0,84.157104,52.593884,1.0,87.166756,1.0,1.0,1.0,1.0,76.47906,1.0,1.0
37.097042,1.0,1.0,1.0001391,1.0,1.0,11.489486,1.0,141.53255,119.28189,39.66766,1.0,1.0,1.0,86.39857,53.390057,1.0,89.72378,1.0,1.0,1.0,1.0,78.33308,1.0,1.0
37.1521,1.0,1.0,1.0001421,1.0,1.0,11.508557,1.0,141.5464,119.38882,39.732418,1.0,1.0,1.0,86.50855,53.463833,1.0,89.834755,1.0,1.0,1.0,1.0,78.435036,1.0,1.0
38.024117,1.0,1.0,1.0,1.0,1.0,11.0971155,1.0,190.57726,139.3098,40.494373,1.0,1.0,1.0,91.461914,56.318367,1.0,96.98371,1.0,1.0,1.0,1.0,86.59271,1.0,1.0
35.699963,1.0,1.0000002,1.0,1.0,1.0,10.522779,1.0,199.78815,138.77153,39.854298,1.0,1.0,1.0,84.4887,53.88995,1.0,92.22035,1.0,1.0,1.0,1.0,88.297005,1.0,1.0
38.924427,1.0,1.0,1.0000024,1.0,1.0,11.598105,1.0,168.80574,132.90208,41.246834,1.0,1.0,1.0,92.505714,56.667187,1.0,96.63326,1.0,1.0,1.0,1.0,84.44488,1.0,1.0
39.251534,1.0,1.0,1.0000001,1.0,1.0,11.508192,1.0,184.69215,139.46735,41.609463,1.0,1.0,1.0,94.2869,57.71577,1.0,99.12103,1.0,1.0,1.0,1.0,87.23493,1.0,1.0
38.81458,1.0,1.0,1.0001469,1.0,1.0,12.021199,1.0,145.35944,123.91622,41.625546,1.0,1.0,1.0,90.18861,55.81803,1.0,93.630165,1.0,1.0,1.0,1.0,81.85323,1.0,1.0
39.813553,1.0,1.0,1.0003519,1.0,1.0,12.456402,1.0,142.77869,124.83058,42.949562,1.0,1.0,1.0,91.92219,57.130905,1.0,95.34106,1.0,1.0,1.0,1.0,83.532166,1.0,1.0
39.21019,1.0,1.0,1.127203,1.0,1.0,13.216779,1.0,106.9651,110.474266,43.655766,1.0,1.0,1.0,87.07615,55.53793,1.0,89.84443,1.0,1.0,1.0,1.0,79.79438,1.0,1.0
38.872734,1.0,1.0,1.4213717,1.0,1.0,13.354584,1.0,99.48743,107.28208,43.722454,1.0,1.0,1.0,85.65991,55.037403,1.0,88.377075,1.0,1.0,1.0,1.0,79.05374,1.0,1.0
39.034348,1.0,1.0,1.4622558,1.0,1.0,13.425104,1.0,99.32884,107.56108,43.954014,1.0,1.0,1.0,85.96455,55.2709,1.0,88.69596,1.0,1.0,1.0,1.0,79.41233,1.0,1.0
38.04205,1.0,1.0,1.8105327,1.0,1.0,13.259813,1.0,93.5861,103.78645,43.13316,1.0,1.0,1.0,83.428215,53.897144,1.0,86.10915,1.0,1.0,1.0,1.0,77.480675,1.0,1.0
37.909702,1.0,1.0,1.8758428,1.0,1.0,13.239391,1.0,92.79832,103.27484,43.02606,1.0,1.0,1.0,83.08512,53.71339,1.0,85.760445,1.0,1.0,1.0,1.0,77.22454,1.0,1.0
37.537437,1.0,1.0,2.0051415,1.0,1.0,13.168074,1.0,91.1216,101.99193,42.677433,1.0,1.0,1.0,82.17918,53.198353,1.0,84.83632,1.0,1.0,1.0,1.0,76.47192,1.0,1.0
37.51068,1.0,1.0,2.0300598,1.0,1.0,13.167559,1.0,90.908936,101.869354,42.66083,1.0,1.0,1.0,82.10244,53.161877,1.0,84.75987,1.0,1.0,1.0,1.0,76.42069,1.0,1.0
38.31318,1.0,1.0,1.0000489,1.0,1.0,11.710035,1.0,150.2433,124.84535,40.882072,1.0,1.0,1.0,89.67942,55.28323,1.0,93.22208,1.0,1.0,1.0,1.0,81.36416,1.0,1.0
39.4797,1.0,1.0,1.416071,1.0,1.0,13.542505,1.0,100.950134,108.992645,44.44132,1.0,1.0,1.0,87.011635,55.922436,1.0,89.78532,1.0,1.0,1.0,1.0,80.359276,1.0,1.0
39.192318,1.0,1.0,1.5236936,1.0,1.0,13.504717,1.0,98.94148,107.77272,44.211754,1.0,1.0,1.0,86.2358,55.51066,1.0,88.99003,1.0,1.0,1.0,1.0,79.78531,1.0,1.0
38.212067,1.0,1.0,1.0000505,1.0,1.0,11.686432,1.0,149.7837,124.495995,40.787777,1.0,1.0,1.0,89.43685,55.145138,1.0,92.97207,1.0,1.0,1.0,1.0,81.15361,1.0,1.0
40.516266,1.0,1.0,1.0005819,1.0,1.0,12.756163,1.0,141.45091,125.704636,43.91911,1.0,1.0,1.0,93.204636,58.112278,1.0,96.63558,1.0,1.0,1.0,1.0,84.82048,1.0,1.0
36.982666,1.0,1.0,1.0000625,1.0,1.0,11.347034,1.0,145.5689,120.644455,39.45786,1.0,1.0,1.0,86.58218,53.388294,1.0,90.01228,1.0,1.0,1.0,1.0,78.53977,1.0,1.0
39.574844,1.0,1.0,1.0001587,1.0,1.0,12.273533,1.0,146.56758,125.848145,42.576557,1.0,1.0,1.0,91.835014,56.938778,1.0,95.34223,1.0,1.0,1.0,1.0,83.45577,1.0,1.0
39.01913,1.0,1.0,1.0000327,1.0,1.0,11.873396,1.0,154.15797,127.64991,41.63483,1.0,1.0,1.0,91.47821,56.359436,1.0,95.123924,1.0,1.0,1.0,1.0,83.03925,1.0,1.0
36.137558,1.0,1.0,1.0000014,1.0,1.0,10.808662,1.0,164.33284,126.09491,38.34688,1.0,1.0,1.0,86.359344,52.95573,1.0,90.55015,1.0,1.0,1.0,1.0,79.37767,1.0,1.0
41.02864,1.0,1.0,1.0000346,1.0,1.0,12.491111,1.0,158.68799,133.07962,43.908394,1.0,1.0,1.0,95.91138,59.186565,1.0,99.689,1.0,1.0,1.0,1.0,87.14501,1.0,1.0
41.889717,1.0,1.0,1.0004468,1.0,1.0,13.135941,1.0,146.2025,130.04704,45.42871,1.0,1.0,1.0,96.39469,60.090633,1.0,99.95439,1.0,1.0,1.0,1.0,87.780846,1.0,1.0
40.123558,1.0,1.0,1.0001528,1.0,1.0,12.431011,1.0,148.11238,127.44034,43.17764,1.0,1.0,1.0,93.07035,57.710114,1.0,96.61762,1.0,1.0,1.0,1.0,84.59266,1.0,1.0
40.93988,1.0,1.0,1.0001999,1.0,1.0,12.72477,1.0,148.5221,129.13051,44.176422,1.0,1.0,1.0,94.738174,58.844494,1.0,98.3184,1.0,1.0,1.0,1.0,86.174385,1.0,1.0
41.154903,1.0,1.0,1.0003235,1.0,1.0,12.859441,1.0,146.30771,128.70187,44.51218,1.0,1.0,1.0,94.942345,59.081055,1.0,98.482376,1.0,1.0,1.0,1.0,86.39281,1.0,1.0
38.85669,1.0,1.0,1.0000103,1.0,1.0,11.670612,1.0,160.35364,129.65344,41.2097,1.0,1.0,1.0,91.73806,56.26749,1.0,95.50088,1.0,1.0,1.0,1.0,83.23238,1.0,1.0
38.735897,1.0,1.0,1.0000018,1.0,1.0,11.537661,1.0,169.57002,132.8797,41.096584,1.0,1.0,1.0,92.18174,56.49926,1.0,96.37764,1.0,1.0,1.0,1.0,84.3048,1.0,1.0
34.23146,1.0,1.0,1.0,1.0,1.0,10.091055,1.0,178.94023,127.89896,36.898266,1.0,1.0,1.0,81.74722,50.95465,1.0,87.60699,1.0,1.0,1.0,1.0,79.868744,1.0,1.0
33.392326,1.0,1.0000002,1.0,1.0,1.0,9.881367,1.0,180.2231,126.89995,36.461746,1.0,1.0,1.0,79.29211,49.944187,1.0,85.729805,1.0,1.0,1.0,1.0,79.81211,1.0,1.0
34.06371,1.0,1.0000002,1.0,1.0,1.0,10.061407,1.0,185.71222,130.26491,37.413883,1.0,1.0,1.0,80.81988,51.072826,1.0,87.60962,1.0,1.0,1.0,1.0,82.1773,1.0,1.0
31.876595,1.0,1.0000049,1.0,1.0,1.0,9.664045,1.0,181.68993,125.177086,36.30984,1.0,1.0,1.0,75.15754,48.543953,1.0,82.558205,1.0,1.0,1.0,1.0,80.49059,1.0,1.0
35.25039,1.0,1.0000001,1.0,1.0,1.0,10.342011,1.0,192.22652,134.90587,38.685253,1.0,1.0,1.0,83.70592,52.85266,1.0,90.71556,1.0,1.0,1.0,1.0,85.05689,1.0,1.0
35.414703,1.0,1.0000001,1.0,1.0,1.0,10.39882,1.0,194.47469,136.10518,39.041767,1.0,1.0,1.0,84.02672,53.195736,1.0,91.23679,1.0,1.0,1.0,1.0,86.01585,1.0,1.0
28.665764,1.0,1.0003201,1.0,1.0,1.0,9.094933,1.0,173.33682,117.248184,34.806843,1.0,1.0,1.0,67.459694,45.26096,1.0,75.54221,1.0,1.0,1.0,1.0,77.90797,1.0,1.0
29.335629,1.0,1.0002527,1.0,1.0,1.0,9.262424,1.0,177.52666,120.096664,35.600327,1.0,1.0,1.0,69.09467,46.319202,1.0,77.36417,1.0,1.0,1.0,1.0,79.75291,1.0,1.0
28.93292,1.0,1.0003347,1.0,1.0,1.0,9.167389,1.0,175.43971,118.61288,35.222473,1.0,1.0,1.0,68.10187,45.75638,1.0,76.319695,1.0,1.0,1.0,1.0,78.916145,1.0,1.0
29.575037,1.0,1.00024,1.0,1.0,1.0,9.3234,1.0,179.12276,121.169586,35.907833,1.0,1.0,1.0,69.6799,46.717426,1.0,78.02906,1.0,1.0,1.0,1.0,80.47755,1.0,1.0
33.45049,1.0,1.0000148,1.0,1.0,1.0,10.186398,1.0,197.8078,134.84192,39.371593,1.0,1.0,1.0,79.000565,51.932835,1.0,87.69434,1.0,1.0,1.0,1.0,88.123924,1.0,1.0
28.714117,1.0,1.0003407,1.0,1.0,1.0,9.1101055,1.0,173.89345,117.58682,34.920578,1.0,1.0,1.0,67.571846,45.37824,1.0,75.703804,1.0,1.0,1.0,1.0,78.19663,1.0,1.0
31.175066,1.0,1.0000994,1.0,1.0,1.0,9.703258,1.0,187.93677,127.35939,37.550953,1.0,1.0,1.0,73.55859,49.042484,1.0,82.19964,1.0,1.0,1.0,1.0,84.20814,1.0,1.0
29.973806,1.0,1.0002145,1.0,1.0,1.0,9.423112,1.0,181.69612,122.90801,36.3985,1.0,1.0,1.0,70.64637,47.359547,1.0,79.11772,1.0,1.0,1.0,1.0,81.62989,1.0,1.0
29.56195,1.0,1.0002737,1.0,1.0,1.0,9.324328,1.0,179.43602,121.32425,35.982494,1.0,1.0,1.0,69.636284,46.762455,1.0,78.03734,1.0,1.0,1.0,1.0,80.693184,1.0,1.0
29.349308,1.0,1.0003147,1.0,1.0,1.0,9.270845,1.0,178.29375,120.52328,35.773846,1.0,1.0,1.0,69.11109,46.457882,1.0,77.47947,1.0,1.0,1.0,1.0,80.22929,1.0,1.0
29.30185,1.0,1.0003304,1.0,1.0,1.0,9.258081,1.0,178.08835,120.37271,35.73845,1.0,1.0,1.0,68.99207,46.398067,1.0,77.35953,1.0,1.0,1.0,1.0,80.15875,1.0,1.0
29.180426,1.0,1.0003395,1.0,1.0,1.0,9.227634,1.0,177.28326,119.8306,35.58397,1.0,1.0,1.0,68.69748,46.198513,1.0,77.024574,1.0,1.0,1.0,1.0,79.79363,1.0,1.0
30.011316,1.0,1.000223,1.0,1.0,1.0,9.433248,1.0,182.10661,123.16103,36.480804,1.0,1.0,1.0,70.7347,47.44616,1.0,79.24113,1.0,1.0,1.0,1.0,81.8396,1.0,1.0
30.29019,1.0,1.0001917,1.0,1.0,1.0,9.500366,1.0,183.66647,124.24979,36.7702,1.0,1.0,1.0,71.41342,47.854202,1.0,79.973015,1.0,1.0,1.0,1.0,82.49691,1.0,1.0
29.678734,1.0,1.0002323,1.0,1.0,1.0,9.349179,1.0,179.79733,121.61804,36.03231,1.0,1.0,1.0,69.92621,46.877293,1.0,78.309906,1.0,1.0,1.0,1.0,80.76945,1.0,1.0
29.956877,1.0,1.0002065,1.0,1.0,1.0,9.417342,1.0,181.46227,122.76244,36.3455,1.0,1.0,1.0,70.60343,47.303623,1.0,79.05521,1.0,1.0,1.0,1.0,81.49273,1.0,1.0
29.91926,1.0,1.000212,1.0,1.0,1.0,9.408807,1.0,181.27109,122.62521,36.310833,1.0,1.0,1.0,70.51136,47.25176,1.0,78.95843,1.0,1.0,1.0,1.0,81.41588,1.0,1.0
29.606726,1.0,1.0002468,1.0,1.0,1.0,9.332879,1.0,179.46257,121.37111,35.972305,1.0,1.0,1.0,69.74856,46.782135,1.0,78.127846,1.0,1.0,1.0,1.0,80.6404,1.0,1.0
29.595945,1.0,1.0002487,1.0,1.0,1.0,9.330493,1.0,179.40686,121.33118,35.962242,1.0,1.0,1.0,69.72213,46.767075,1.0,78.100044,1.0,1.0,1.0,1.0,80.61788,1.0,1.0
29.977179,1.0,1.000198,1.0,1.0,1.0,9.4209175,1.0,181.48613,122.78912,36.342876,1.0,1.0,1.0,70.64966,47.311012,1.0,79.09438,1.0,1.0,1.0,1.0,81.47654,1.0,1.0
28.157928,1.0,1.0004855,1.0,1.0,1.0,8.9714985,1.0,170.85182,115.454605,34.362835,1.0,1.0,1.0,66.18596,44.56527,1.0,74.22477,1.0,1.0,1.0,1.0,76.95016,1.0,1.0
29.827595,1.0,1.0002284,1.0,1.0,1.0,9.387271,1.0,180.84512,122.30882,36.232235,1.0,1.0,1.0,70.28206,47.126476,1.0,78.72372,1.0,1.0,1.0,1.0,81.2477,1.0,1.0
28.702389,1.0,1.0003896,1.0,1.0,1.0,9.108235,1.0,174.21289,117.74313,34.993805,1.0,1.0,1.0,67.522285,45.416515,1.0,75.707634,1.0,1.0,1.0,1.0,78.40837,1.0,1.0
28.820995,1.0,1.0003768,1.0,1.0,1.0,9.137341,1.0,174.98268,118.26278,35.13979,1.0,1.0,1.0,67.80843,45.606518,1.0,76.03142,1.0,1.0,1.0,1.0,78.75229,1.0,1.0
30.213099,1.0,1.000181,1.0,1.0,1.0,9.479446,1.0,182.92389,123.773926,36.615593,1.0,1.0,1.0,71.222206,47.678364,1.0,79.72764,1.0,1.0,1.0,1.0,82.11032,1.0,1.0
28.764097,1.0,1.0003719,1.0,1.0,1.0,9.124149,1.0,174.53087,117.9664,35.050423,1.0,1.0,1.0,67.67397,45.501335,1.0,75.867676,1.0,1.0,1.0,1.0,78.53197,1.0,1.0
28.941874,1.0,1.0003321,1.0,1.0,1.0,9.168528,1.0,175.49791,118.6411,35.226242,1.0,1.0,1.0,68.10912,45.754738,1.0,76.33313,1.0,1.0,1.0,1.0,78.925026,1.0,1.0
28.496574,1.0,1.0004063,1.0,1.0,1.0,9.056196,1.0,172.83257,116.81461,34.72704,1.0,1.0,1.0,67.01625,45.0708,1.0,75.13241,1.0,1.0,1.0,1.0,77.77891,1.0,1.0
29.868387,1.0,1.0002215,1.0,1.0,1.0,9.397055,1.0,181.04665,122.454384,36.268864,1.0,1.0,1.0,70.38365,47.182724,1.0,78.829384,1.0,1.0,1.0,1.0,81.32715,1.0,1.0
28.995321,1.0,1.0003338,1.0,1.0,1.0,9.182299,1.0,175.90417,118.90889,35.30664,1.0,1.0,1.0,68.23805,45.852036,1.0,76.48756,1.0,1.0,1.0,1.0,79.11984,1.0,1.0
28.623497,1.0,1.0003941,1.0,1.0,1.0,9.0877,1.0,173.6711,117.38102,34.888367,1.0,1.0,1.0,67.32793,45.281334,1.0,75.48524,1.0,1.0,1.0,1.0,78.158775,1.0,1.0
29.180792,1.0,1.0002884,1.0,1.0,1.0,9.227569,1.0,176.81548,119.56516,35.471123,1.0,1.0,1.0,68.70651,46.11017,1.0,76.96997,1.0,1.0,1.0,1.0,79.475395,1.0,1.0
29.290394,1.0,1.000272,1.0,1.0,1.0,9.2542095,1.0,177.44035,119.999344,35.587055,1.0,1.0,1.0,68.97565,46.272957,1.0,77.26153,1.0,1.0,1.0,1.0,79.738716,1.0,1.0
29.514055,1.0,1.0002332,1.0,1.0,1.0,9.307417,1.0,178.59059,120.81922,35.796352,1.0,1.0,1.0,69.523224,46.583286,1.0,77.83843,1.0,1.0,1.0,1.0,80.20256,1.0,1.0
30.090836,1.0,1.0001734,1.0,1.0,1.0,9.446974,1.0,181.867,123.10031,36.40804,1.0,1.0,1.0,70.92788,47.43838,1.0,79.36058,1.0,1.0,1.0,1.0,81.59795,1.0,1.0
31.35125,1.0,1.0000696,1.0,1.0,1.0,9.734906,1.0,187.98389,127.55208,37.531925,1.0,1.0,1.0,73.97289,49.1366,1.0,82.523994,1.0,1.0,1.0,1.0,84.07501,1.0,1.0
32.80712,1.0,1.0000094,1.0,1.0,1.0,9.977163,1.0,191.20535,130.81738,38.090973,1.0,1.0,1.0,77.38309,50.502018,1.0,85.55064,1.0,1.0,1.0,1.0,84.94781,1.0,1.0
34.64149,1.0,1.0000002,1.0,1.0,1.0,10.23418,1.0,191.01176,133.36465,38.298687,1.0,1.0,1.0,82.07891,52.063534,1.0,89.240486,1.0,1.0,1.0,1.0,84.43615,1.0,1.0
36.16597,1.0,1.0,1.0000052,1.0,1.0,10.891321,1.0,157.56195,123.55259,38.307796,1.0,1.0,1.0,85.90971,52.661255,1.0,89.76493,1.0,1.0,1.0,1.0,78.40506,1.0,1.0
35.48107,1.0,1.0,1.0000012,1.0,1.0,10.610767,1.0,164.13457,124.73957,37.58678,1.0,1.0,1.0,84.95703,52.046642,1.0,89.172035,1.0,1.0,1.0,1.0,78.20721,1.0,1.0
34.952213,1.0,1.0,1.0000045,1.0,1.0,10.549822,1.0,155.27657,120.43288,37.014923,1.0,1.0,1.0,83.19984,51.004925,1.0,87.05772,1.0,1.0,1.0,1.0,76.11274,1.0,1.0
35.312286,1.0,1.0000005,1.0,1.0,1.0,10.452991,1.0,199.02412,137.84523,39.65009,1.0,1.0,1.0,83.47737,53.429794,1.0,91.30779,1.0,1.0,1.0,1.0,87.975,1.0,1.0
35.211594,1.0,1.0,1.0004437,1.0,1.0,11.090799,1.0,130.40321,111.61235,37.773365,1.0,1.0,1.0,81.55585,50.570786,1.0,84.618484,1.0,1.0,1.0,1.0,73.92124,1.0,1.0
36.246746,1.0,1.0,1.0000417,1.0,1.0,11.064819,1.0,146.27014,119.46944,38.46164,1.0,1.0,1.0,85.17015,52.337715,1.0,88.565186,1.0,1.0,1.0,1.0,77.12943,1.0,1.0
35.666893,1.0,1.0,1.0002722,1.0,1.0,11.154262,1.0,134.28018,113.90638,38.18499,1.0,1.0,1.0,82.84162,51.27623,1.0,85.991005,1.0,1.0,1.0,1.0,75.07755,1.0,1.0
30.020382,1.0,1.0001662,1.0,1.0,1.0,9.423912,1.0,181.17824,122.68291,36.27604,1.0,1.0,1.0,70.764626,47.295948,1.0,79.14199,1.0,1.0,1.0,1.0,81.27055,1.0,1.0
30.455458,1.0,1.0001363,1.0,1.0,1.0,9.529108,1.0,183.71422,124.43901,36.75326,1.0,1.0,1.0,71.81903,47.951923,1.0,80.29452,1.0,1.0,1.0,1.0,82.36858,1.0,1.0
32.017464,1.0,1.0000522,1.0,1.0,1.0,9.891275,1.0,191.86827,130.25917,38.272324,1.0,1.0,1.0,75.58485,50.153027,1.0,84.283134,1.0,1.0,1.0,1.0,85.78823,1.0,1.0
30.490845,1.0,1.0001457,1.0,1.0,1.0,9.541712,1.0,184.21129,124.73311,36.854847,1.0,1.0,1.0,71.90525,48.054173,1.0,80.42672,1.0,1.0,1.0,1.0,82.62957,1.0,1.0
33.851135,1.0,1.000011,1.0,1.0,1.0,10.270918,1.0,199.63417,136.20946,39.714523,1.0,1.0,1.0,79.95075,52.45741,1.0,88.6663,1.0,1.0,1.0,1.0,88.87707,1.0,1.0
36.880257,1.0,1.0000002,1.0,1.0,1.0,10.825081,1.0,208.54738,144.4026,41.47407,1.0,1.0,1.0,87.26457,55.877174,1.0,95.499306,1.0,1.0,1.0,1.0,92.205376,1.0,1.0
35.51455,1.0,1.0,1.0007752,1.0,1.0,11.268829,1.0,127.92826,111.27216,38.2512,1.0,1.0,1.0,81.921555,50.945946,1.0,84.947556,1.0,1.0,1.0,1.0,74.31428,1.0,1.0
36.373596,1.0,1.0,1.0,1.0,1.0,10.57284,1.0,193.11667,137.1366,39.317097,1.0,1.0,1.0,86.72306,54.1924,1.0,93.28008,1.0,1.0,1.0,1.0,85.77499,1.0,1.0
34.923714,1.0,1.0000004,1.0,1.0,1.0,10.331387,1.0,194.86958,135.45291,38.93143,1.0,1.0,1.0,82.63647,52.673874,1.0,90.14179,1.0,1.0,1.0,1.0,86.12739,1.0,1.0
34.36538,1.0,1.0000012,1.0,1.0,1.0,10.245874,1.0,195.09824,134.74371,38.8803,1.0,1.0,1.0,81.17039,52.18226,1.0,88.98593,1.0,1.0,1.0,1.0,86.30778,1.0,1.0
32.802803,1.0,1.0000193,1.0,1.0,1.0,10.034369,1.0,193.98448,132.18549,38.63922,1.0,1.0,1.0,77.43418,50.938324,1.0,85.9757,1.0,1.0,1.0,1.0,86.4329,1.0,1.0
32.632236,1.0,1.0000254,1.0,1.0,1.0,10.009342,1.0,193.76366,131.88115,38.60472,1.0,1.0,1.0,77.03983,50.803753,1.0,85.64678,1.0,1.0,1.0,1.0,86.41348,1.0,1.0
30.840067,1.0,1.0001,1.0,1.0,1.0,9.617064,1.0,185.4721,125.73604,37.072285,1.0,1.0,1.0,72.74383,48.449535,1.0,81.24156,1.0,1.0,1.0,1.0,83.058876,1.0,1.0
35.23105,1.0,1.0000021,1.0,1.0,1.0,10.516741,1.0,203.73308,139.91916,40.501656,1.0,1.0,1.0,83.24934,53.981915,1.0,91.73907,1.0,1.0,1.0,1.0,90.35555,1.0,1.0
37.188324,1.0,1.0,1.0033283,1.0,1.0,12.003559,1.0,123.568756,112.778625,40.464626,1.0,1.0,1.0,84.79781,53.12238,1.0,87.77798,1.0,1.0,1.0,1.0,77.12734,1.0,1.0
38.677475,1.0,1.0,1.0000012,1.0,1.0,11.495047,1.0,171.6708,133.51471,40.98974,1.0,1.0,1.0,92.20634,56.470882,1.0,96.48586,1.0,1.0,1.0,1.0,84.440926,1.0,1.0
37.17495,1.0,1.0,1.0000064,1.0,1.0,11.175851,1.0,158.9601,125.95184,39.372623,1.0,1.0,1.0,88.11618,54.009857,1.0,91.94493,1.0,1.0,1.0,1.0,80.23063,1.0,1.0
37.37922,1.0,1.0,1.0,1.0,1.0,10.825411,1.0,202.12411,142.48477,40.736874,1.0,1.0,1.0,88.945305,55.90351,1.0,96.132385,1.0,1.0,1.0,1.0,89.51359,1.0,1.0
37.16494,1.0,1.0,1.0004475,1.0,1.0,11.68642,1.0,135.07056,117.002846,39.99049,1.0,1.0,1.0,85.90238,53.343857,1.0,89.10329,1.0,1.0,1.0,1.0,77.95121,1.0,1.0
32.399002,1.0,1.0000328,1.0,1.0,1.0,9.965727,1.0,192.99675,131.23686,38.46699,1.0,1.0,1.0,76.49256,50.54846,1.0,85.12713,1.0,1.0,1.0,1.0,86.13996,1.0,1.0
30.395533,1.0,1.0001469,1.0,1.0,1.0,9.519067,1.0,183.54045,124.28384,36.72457,1.0,1.0,1.0,71.67454,47.889584,1.0,80.15975,1.0,1.0,1.0,1.0,82.315834,1.0,1.0
31.066206,1.0,1.0000883,1.0,1.0,1.0,9.670522,1.0,186.70534,126.6065,37.304173,1.0,1.0,1.0,73.29094,48.778336,1.0,81.82791,1.0,1.0,1.0,1.0,83.585014,1.0,1.0
30.711775,1.0,1.0001125,1.0,1.0,1.0,9.589082,1.0,184.93892,125.33014,36.977425,1.0,1.0,1.0,72.43696,48.29264,1.0,80.93447,1.0,1.0,1.0,1.0,82.85796,1.0,1.0
31.439764,1.0,1.0000752,1.0,1.0,1.0,9.760524,1.0,188.90302,128.1264,37.719593,1.0,1.0,1.0,74.19295,49.3454,1.0,82.81619,1.0,1.0,1.0,1.0,84.54545,1.0,1.0
30.501738,1.0,1.0001428,1.0,1.0,1.0,9.545499,1.0,184.22334,124.746124,36.855247,1.0,1.0,1.0,71.93073,48.060562,1.0,80.44819,1.0,1.0,1.0,1.0,82.62353,1.0,1.0
31.772408,1.0,1.0000627,1.0,1.0,1.0,9.8386345,1.0,190.71638,129.40521,38.059,1.0,1.0,1.0,74.99372,49.825886,1.0,83.67446,1.0,1.0,1.0,1.0,85.318504,1.0,1.0
31.816439,1.0,1.0000608,1.0,1.0,1.0,9.848709,1.0,190.9344,129.56296,38.09921,1.0,1.0,1.0,75.09932,49.88567,1.0,83.78474,1.0,1.0,1.0,1.0,85.40813,1.0,1.0
32.140007,1.0,1.0000482,1.0,1.0,1.0,9.9207115,1.0,192.4873,130.7,38.38603,1.0,1.0,1.0,75.87652,50.31925,1.0,84.589,1.0,1.0,1.0,1.0,86.042015,1.0,1.0
36.007587,1.0,1.0,1.0000634,1.0,1.0,11.042445,1.0,143.3316,117.92023,38.271805,1.0,1.0,1.0,84.40348,51.942535,1.0,87.73838,1.0,1.0,1.0,1.0,76.44404,1.0,1.0
37.991425,1.0,1.0,1.0,1.0,1.0,10.986803,1.0,199.6563,142.6003,40.942265,1.0,1.0,1.0,90.810875,56.555347,1.0,97.40086,1.0,1.0,1.0,1.0,89.07284,1.0,1.0
38.55411,1.0,1.0,1.0000001,1.0,1.0,11.300163,1.0,184.13063,137.95,40.861103,1.0,1.0,1.0,92.70959,56.77215,1.0,97.60121,1.0,1.0,1.0,1.0,86.04525,1.0,1.0
36.18585,1.0,1.0,1.005832,1.0,1.0,11.789879,1.0,117.89897,108.81653,39.475822,1.0,1.0,1.0,82.25289,51.648037,1.0,85.10495,1.0,1.0,1.0,1.0,74.83779,1.0,1.0
36.637142,1.0,1.0,1.0000858,1.0,1.0,11.279698,1.0,143.14656,119.02671,39.051125,1.0,1.0,1.0,85.642624,52.801006,1.0,88.989876,1.0,1.0,1.0,1.0,77.60827,1.0,1.0
37.079292,1.0,1.0,1.0000167,1.0,1.0,11.20849,1.0,153.40285,123.69876,39.2708,1.0,1.0,1.0,87.49476,53.65891,1.0,91.08097,1.0,1.0,1.0,1.0,79.32806,1.0,1.0
31.432861,1.0,1.000057,1.0,1.0,1.0,9.743957,1.0,187.8371,127.56917,37.495255,1.0,1.0,1.0,74.16401,49.163277,1.0,82.648506,1.0,1.0,1.0,1.0,83.94137,1.0,1.0
31.959646,1.0,1.0000448,1.0,1.0,1.0,9.869059,1.0,190.884,129.68802,38.072674,1.0,1.0,1.0,75.437035,49.95668,1.0,84.03511,1.0,1.0,1.0,1.0,85.26995,1.0,1.0
31.309591,1.0,1.0000793,1.0,1.0,1.0,9.7290325,1.0,188.12721,127.59113,37.572372,1.0,1.0,1.0,73.878685,49.14578,1.0,82.470634,1.0,1.0,1.0,1.0,84.20403,1.0,1.0
29.797358,1.0,1.000212,1.0,1.0,1.0,9.378233,1.0,180.35194,122.02629,36.13535,1.0,1.0,1.0,70.219215,47.038933,1.0,78.60992,1.0,1.0,1.0,1.0,80.991646,1.0,1.0
29.468077,1.0,1.0002687,1.0,1.0,1.0,9.297603,1.0,178.71053,120.84778,35.834835,1.0,1.0,1.0,69.40865,46.584606,1.0,77.76323,1.0,1.0,1.0,1.0,80.33703,1.0,1.0
28.101828,1.0,1.0005265,1.0,1.0,1.0,8.953423,1.0,170.63632,115.31158,34.33656,1.0,1.0,1.0,66.05703,44.51696,1.0,74.09534,1.0,1.0,1.0,1.0,76.911285,1.0,1.0
28.203457,1.0,1.0005012,1.0,1.0,1.0,8.9802885,1.0,171.24231,115.725365,34.449287,1.0,1.0,1.0,66.3067,44.671707,1.0,74.369514,1.0,1.0,1.0,1.0,77.16838,1.0,1.0
29.41289,1.0,1.0002782,1.0,1.0,1.0,9.28419,1.0,178.41197,120.638435,35.780212,1.0,1.0,1.0,69.27301,46.505436,1.0,77.61924,1.0,1.0,1.0,1.0,80.21463,1.0,1.0
28.044296,1.0,1.00054,1.0,1.0,1.0,8.938831,1.0,170.28607,115.07194,34.27089,1.0,1.0,1.0,65.91551,44.427555,1.0,73.939064,1.0,1.0,1.0,1.0,76.75964,1.0,1.0
28.11144,1.0,1.0005252,1.0,1.0,1.0,8.956348,1.0,170.70041,115.35358,34.34876,1.0,1.0,1.0,66.08082,44.53269,1.0,74.1224,1.0,1.0,1.0,1.0,76.93903,1.0,1.0
32.930626,1.0,1.0000215,1.0,1.0,1.0,10.066317,1.0,195.35558,133.02786,38.90099,1.0,1.0,1.0,77.740105,51.221287,1.0,86.39409,1.0,1.0,1.0,1.0,87.107155,1.0,1.0
28.434534,1.0,1.0004514,1.0,1.0,1.0,9.038925,1.0,172.63976,116.67721,34.709305,1.0,1.0,1.0,66.869865,45.024696,1.0,74.991295,1.0,1.0,1.0,1.0,77.76627,1.0,1.0
28.59367,1.0,1.0004224,1.0,1.0,1.0,9.0792675,1.0,173.61647,117.342064,34.892265,1.0,1.0,1.0,67.26077,45.27235,1.0,75.424126,1.0,1.0,1.0,1.0,78.188034,1.0,1.0
35.676292,1.0,1.0000024,1.0,1.0,1.0,10.631095,1.0,207.39143,142.23268,41.190407,1.0,1.0,1.0,84.29845,54.793076,1.0,93.03545,1.0,1.0,1.0,1.0,92.06061,1.0,1.0
28.520918,1.0,1.0004382,1.0,1.0,1.0,9.05998,1.0,173.18706,117.04922,34.812588,1.0,1.0,1.0,67.0807,45.161797,1.0,75.22749,1.0,1.0,1.0,1.0,78.00771,1.0,1.0
28.723425,1.0,1.0004017,1.0,1.0,1.0,9.111158,1.0,174.42392,117.89223,35.044044,1.0,1.0,1.0,67.57799,45.475933,1.0,75.77729,1.0,1.0,1.0,1.0,78.54086,1.0,1.0
30.443996,1.0,1.0,1.0000005,1.0,1.0,9.245163,1.0,153.41225,111.420006,32.63949,1.0,1.0,1.0,72.89032,45.202137,1.0,77.4904,1.0,1.0,1.0,1.0,69.41822,1.0,1.0
34.558655,1.0,1.0,1.0000087,1.0,1.0,10.497726,1.0,150.36122,117.99123,36.737453,1.0,1.0,1.0,82.03692,50.413475,1.0,85.7556,1.0,1.0,1.0,1.0,74.98596,1.0,1.0
29.845078,1.0,1.0000036,1.0,1.0,1.0,9.101469,1.0,165.25444,114.935585,33.302578,1.0,1.0,1.0,70.37223,44.964214,1.0,76.73645,1.0,1.0,1.0,1.0,73.15696,1.0,1.0
29.391882,1.0,1.0000017,1.0,1.0,1.0,8.941256,1.0,159.19286,111.68133,32.32789,1.0,1.0,1.0,69.49529,44.027977,1.0,75.31981,1.0,1.0,1.0,1.0,70.54422,1.0,1.0
28.862467,1.0,1.0001364,1.0,1.0,1.0,9.093098,1.0,171.82996,116.68863,34.447693,1.0,1.0,1.0,67.9277,45.105656,1.0,75.702446,1.0,1.0,1.0,1.0,76.85443,1.0,1.0
29.049522,1.0,1.0000618,1.0,1.0,1.0,9.083549,1.0,170.20247,116.08345,34.10083,1.0,1.0,1.0,68.32946,44.9465,1.0,75.77995,1.0,1.0,1.0,1.0,75.845764,1.0,1.0
28.796183,1.0,1.0002694,1.0,1.0,1.0,9.117798,1.0,173.75319,117.599655,34.869823,1.0,1.0,1.0,67.7823,45.39512,1.0,75.849075,1.0,1.0,1.0,1.0,78.01916,1.0,1.0
29.10091,1.0,1.0002118,1.0,1.0,1.0,9.186091,1.0,175.19862,118.65733,35.13,1.0,1.0,1.0,68.52428,45.79711,1.0,76.61585,1.0,1.0,1.0,1.0,78.58583,1.0,1.0
28.798653,1.0,1.0002776,1.0,1.0,1.0,9.120547,1.0,173.86876,117.66125,34.89514,1.0,1.0,1.0,67.78692,45.41634,1.0,75.86757,1.0,1.0,1.0,1.0,78.08709,1.0,1.0
28.82839,1.0,1.0002558,1.0,1.0,1.0,9.12431,1.0,173.81664,117.66315,34.87718,1.0,1.0,1.0,67.85908,45.421185,1.0,75.9168,1.0,1.0,1.0,1.0,78.024895,1.0,1.0
28.596296,1.0,1.0003302,1.0,1.0,1.0,9.075052,1.0,172.92957,116.96945,34.72868,1.0,1.0,1.0,67.28639,45.15218,1.0,75.354,1.0,1.0,1.0,1.0,77.731544,1.0,1.0
28.785633,1.0,1.0002909,1.0,1.0,1.0,9.11958,1.0,173.92532,117.67598,34.9098,1.0,1.0,1.0,67.75131,45.418083,1.0,75.84669,1.0,1.0,1.0,1.0,78.134995,1.0,1.0
28.5769,1.0,1.0003483,1.0,1.0,1.0,9.072665,1.0,172.95358,116.96269,34.739254,1.0,1.0,1.0,67.236786,45.14718,1.0,75.31823,1.0,1.0,1.0,1.0,77.7697,1.0,1.0
29.0657,1.0,1.0002661,1.0,1.0,1.0,9.190199,1.0,175.70494,118.881454,35.248474,1.0,1.0,1.0,68.43394,45.866135,1.0,76.61095,1.0,1.0,1.0,1.0,78.92567,1.0,1.0
29.274391,1.0,1.0002452,1.0,1.0,1.0,9.243012,1.0,176.97354,119.74954,35.489384,1.0,1.0,1.0,68.9451,46.19221,1.0,77.17511,1.0,1.0,1.0,1.0,79.48121,1.0,1.0
29.116257,1.0,1.0002549,1.0,1.0,1.0,9.202721,1.0,175.9334,119.04996,35.290127,1.0,1.0,1.0,68.55985,45.93309,1.0,76.7389,1.0,1.0,1.0,1.0,79.013176,1.0,1.0
38.09304,1.0,1.0,1.0053062,1.0,1.0,12.37086,1.0,122.83542,114.29775,41.710964,1.0,1.0,1.0,86.5563,54.43603,1.0,89.58336,1.0,1.0,1.0,1.0,78.903114,1.0,1.0
37.133236,1.0,1.0,1.0869997,1.0,1.0,12.535561,1.0,104.124344,105.610146,41.308163,1.0,1.0,1.0,82.75885,52.73496,1.0,85.42864,1.0,1.0,1.0,1.0,75.760895,1.0,1.0
36.92248,1.0,1.0,1.0101991,1.0,1.0,12.122498,1.0,116.15813,109.65806,40.56606,1.0,1.0,1.0,83.5732,52.715954,1.0,86.45446,1.0,1.0,1.0,1.0,76.236244,1.0,1.0
37.095245,1.0,1.0,1.0059509,1.0,1.0,12.089055,1.0,119.706276,111.29329,40.635456,1.0,1.0,1.0,84.27305,53.028404,1.0,87.22483,1.0,1.0,1.0,1.0,76.82165,1.0,1.0
35.458267,1.0,1.0,1.0003185,1.0,1.0,11.145202,1.0,132.47768,112.980156,38.14948,1.0,1.0,1.0,82.28541,51.076138,1.0,85.44802,1.0,1.0,1.0,1.0,74.73498,1.0,1.0
32.106743,1.0,1.0,1.0000046,1.0,1.0,9.784901,1.0,147.6299,112.41163,34.1413,1.0,1.0,1.0,76.70013,47.15198,1.0,80.514565,1.0,1.0,1.0,1.0,70.63801,1.0,1.0
29.616615,1.0,1.000002,1.0,1.0,1.0,9.009629,1.0,161.68068,113.07313,32.73266,1.0,1.0,1.0,69.95821,44.447628,1.0,75.98379,1.0,1.0,1.0,1.0,71.60947,1.0,1.0
31.320032,1.0,1.0000015,1.0,1.0,1.0,9.448864,1.0,173.24945,120.640945,34.85233,1.0,1.0,1.0,73.98004,47.160847,1.0,80.59876,1.0,1.0,1.0,1.0,76.657425,1.0,1.0
31.110453,1.0,1.0000063,1.0,1.0,1.0,9.472963,1.0,176.90001,121.941345,35.40662,1.0,1.0,1.0,73.31039,47.344017,1.0,80.49973,1.0,1.0,1.0,1.0,78.38228,1.0,1.0
37.362625,1.0,1.0,1.0,1.0,1.0,10.950255,1.0,186.22615,136.51604,39.8026,1.0,1.0,1.0,89.89556,55.342274,1.0,95.242256,1.0,1.0,1.0,1.0,84.879036,1.0,1.0
37.735294,1.0,1.0,1.0,1.0,1.0,11.015222,1.0,192.65514,139.59335,40.451725,1.0,1.0,1.0,90.668335,56.102,1.0,96.544174,1.0,1.0,1.0,1.0,86.94784,1.0,1.0
37.009693,1.0,1.0,1.0,1.0,1.0,10.724728,1.0,196.93571,139.78651,40.06242,1.0,1.0,1.0,88.22818,55.182293,1.0,94.970406,1.0,1.0,1.0,1.0,87.494286,1.0,1.0
31.65388,1.0,1.0000367,1.0,1.0,1.0,9.767551,1.0,187.82549,127.81356,37.47359,1.0,1.0,1.0,74.675514,49.285717,1.0,83.03428,1.0,1.0,1.0,1.0,83.79092,1.0,1.0
30.541592,1.0,1.0000958,1.0,1.0,1.0,9.531103,1.0,183.08464,124.20355,36.605747,1.0,1.0,1.0,72.011696,47.889324,1.0,80.35709,1.0,1.0,1.0,1.0,81.935196,1.0,1.0
30.445734,1.0,1.0001073,1.0,1.0,1.0,9.512224,1.0,182.78407,123.94837,36.554928,1.0,1.0,1.0,71.78317,47.787716,1.0,80.1415,1.0,1.0,1.0,1.0,81.839035,1.0,1.0
31.668762,1.0,1.0000346,1.0,1.0,1.0,9.768304,1.0,187.72063,127.77561,37.45135,1.0,1.0,1.0,74.709435,49.277657,1.0,83.045006,1.0,1.0,1.0,1.0,83.72294,1.0,1.0
35.622574,1.0,1.0000007,1.0,1.0,1.0,10.536552,1.0,201.91637,139.6288,40.200287,1.0,1.0,1.0,84.2282,54.05106,1.0,92.267815,1.0,1.0,1.0,1.0,89.306206,1.0,1.0
39.039597,1.0,1.0,1.0000012,1.0,1.0,11.591713,1.0,172.96654,134.68578,41.389328,1.0,1.0,1.0,93.06257,57.001072,1.0,97.37423,1.0,1.0,1.0,1.0,85.22563,1.0,1.0
38.60367,1.0,1.0,1.0000291,1.0,1.0,11.721459,1.0,154.0157,126.75493,41.06304,1.0,1.0,1.0,90.621376,55.731106,1.0,94.22999,1.0,1.0,1.0,1.0,82.16476,1.0,1.0
38.781425,1.0,1.0,1.0000131,1.0,1.0,11.674734,1.0,158.92146,128.94005,41.114582,1.0,1.0,1.0,91.45577,56.093506,1.0,95.16156,1.0,1.0,1.0,1.0,82.90385,1.0,1.0
38.915993,1.0,1.0,1.0000172,1.0,1.0,11.745969,1.0,157.74791,128.73985,41.310368,1.0,1.0,1.0,91.60526,56.240925,1.0,95.29107,1.0,1.0,1.0,1.0,83.04964,1.0,1.0
38.865772,1.0,1.0,1.0000255,1.0,1.0,11.77912,1.0,155.38579,127.75207,41.325855,1.0,1.0,1.0,91.272255,56.111942,1.0,94.91158,1.0,1.0,1.0,1.0,82.75746,1.0,1.0
38.90808,1.0,1.0,1.0000131,1.0,1.0,11.710243,1.0,159.19469,129.27512,41.253185,1.0,1.0,1.0,91.73095,56.266758,1.0,95.44371,1.0,1.0,1.0,1.0,83.15678,1.0,1.0
40.12436,1.0,1.0,1.0000012,1.0,1.0,11.892311,1.0,175.0754,137.48625,42.529823,1.0,1.0,1.0,95.47642,58.467175,1.0,99.785446,1.0,1.0,1.0,1.0,87.269424,1.0,1.0
38.49945,1.0,1.0,1.0,1.0,1.0,11.080469,1.0,207.18315,146.4291,41.842815,1.0,1.0,1.0,91.70519,57.514183,1.0,98.96778,1.0,1.0,1.0,1.0,91.85432,1.0,1.0
33.574654,1.0,1.00001,1.0,1.0,1.0,10.188072,1.0,197.1787,134.6707,39.2408,1.0,1.0,1.0,79.26676,51.906765,1.0,87.80776,1.0,1.0,1.0,1.0,87.71845,1.0,1.0
40.920773,1.0,1.0,1.0000007,1.0,1.0,12.074094,1.0,180.24826,140.90977,43.382107,1.0,1.0,1.0,97.51557,59.70064,1.0,101.99177,1.0,1.0,1.0,1.0,89.29073,1.0,1.0
31.686422,1.0,1.0000288,1.0,1.0,1.0,9.758061,1.0,187.15913,127.51037,37.33191,1.0,1.0,1.0,74.72829,49.188503,1.0,82.97994,1.0,1.0,1.0,1.0,83.403046,1.0,1.0
40.49038,1.0,1.0,1.0000002,1.0,1.0,11.891126,1.0,184.5143,141.7029,42.921867,1.0,1.0,1.0,96.907166,59.30882,1.0,101.61596,1.0,1.0,1.0,1.0,89.191795,1.0,1.0
38.867172,1.0,1.0,1.0001664,1.0,1.0,12.058271,1.0,144.79015,123.800156,41.711636,1.0,1.0,1.0,90.239494,55.878002,1.0,93.67104,1.0,1.0,1.0,1.0,81.90669,1.0,1.0
38.77302,1.0,1.0,1.0001271,1.0,1.0,11.9889965,1.0,146.08441,124.10862,41.550507,1.0,1.0,1.0,90.17966,55.779293,1.0,93.634384,1.0,1.0,1.0,1.0,81.835,1.0,1.0
38.641594,1.0,1.0,1.0000656,1.0,1.0,11.850174,1.0,149.5205,125.14449,41.265045,1.0,1.0,1.0,90.25479,55.676033,1.0,93.77344,1.0,1.0,1.0,1.0,81.863754,1.0,1.0
36.848198,1.0,1.0000001,1.0,1.0,1.0,10.769198,1.0,204.8397,142.73643,40.904133,1.0,1.0,1.0,87.34659,55.511368,1.0,95.13526,1.0,1.0,1.0,1.0,90.53767,1.0,1.0
31.578571,1.0,1.0000505,1.0,1.0,1.0,9.773455,1.0,188.47719,128.05554,37.61335,1.0,1.0,1.0,74.51447,49.35056,1.0,83.002655,1.0,1.0,1.0,1.0,84.19785,1.0,1.0
28.733479,1.0,1.0004374,1.0,1.0,1.0,9.109816,1.0,174.7107,118.06567,35.110935,1.0,1.0,1.0,67.588356,45.53218,1.0,75.82161,1.0,1.0,1.0,1.0,78.73202,1.0,1.0
28.296843,1.0,1.0004708,1.0,1.0,1.0,9.002081,1.0,171.77225,116.08537,34.54033,1.0,1.0,1.0,66.526886,44.798035,1.0,74.6113,1.0,1.0,1.0,1.0,77.375275,1.0,1.0
22.461048,1.0,1.000067,1.0000026,1.0,1.0,7.1726193,1.0,120.44769,84.411194,24.806095,1.0,1.0,1.0,52.28434,33.45788,1.0,56.77431,1.0,1.0,1.0,1.0,53.717587,1.0,1.0
28.599838,1.0,1.0,1.0001063,1.0,1.0,8.955927,1.0,121.05863,95.96673,30.368599,1.0,1.0,1.0,67.203514,41.44086,1.0,70.14239,1.0,1.0,1.0,1.0,61.344948,1.0,1.0
28.97727,1.0,1.0003898,1.0,1.0,1.0,9.174116,1.0,176.17516,119.06328,35.383675,1.0,1.0,1.0,68.189,45.905624,1.0,76.48233,1.0,1.0,1.0,1.0,79.35364,1.0,1.0
28.754593,1.0,1.0003915,1.0,1.0,1.0,9.118259,1.0,174.59647,118.00641,35.070942,1.0,1.0,1.0,67.64928,45.51321,1.0,75.85653,1.0,1.0,1.0,1.0,78.60053,1.0,1.0
38.51061,1.0,1.0,1.0005531,1.0,1.0,12.142883,1.0,136.94795,120.283325,41.640804,1.0,1.0,1.0,88.78685,55.286327,1.0,92.08141,1.0,1.0,1.0,1.0,80.71236,1.0,1.0
28.476215,1.0,1.000438,1.0,1.0,1.0,9.048685,1.0,172.87692,116.835526,34.748333,1.0,1.0,1.0,66.967094,45.07856,1.0,75.099174,1.0,1.0,1.0,1.0,77.85409,1.0,1.0
28.83156,1.0,1.0004284,1.0,1.0,1.0,9.1344,1.0,175.36504,118.50544,35.23645,1.0,1.0,1.0,67.82556,45.693718,1.0,76.09187,1.0,1.0,1.0,1.0,79.029564,1.0,1.0
28.696459,1.0,1.0004101,1.0,1.0,1.0,9.102732,1.0,174.29892,117.798416,35.018364,1.0,1.0,1.0,67.50444,45.43367,1.0,75.70443,1.0,1.0,1.0,1.0,78.48832,1.0,1.0
28.866661,1.0,1.0,1.0002062,1.0,1.0,9.071814,1.0,117.969406,95.32976,30.67333,1.0,1.0,1.0,67.52204,41.66734,1.0,70.30737,1.0,1.0,1.0,1.0,61.397205,1.0,1.0
28.517735,1.0,1.0004395,1.0,1.0,1.0,9.057552,1.0,173.18556,117.04298,34.80948,1.0,1.0,1.0,67.06578,45.15332,1.0,75.21637,1.0,1.0,1.0,1.0,78.00504,1.0,1.0
29.311695,1.0,1.0,1.0005692,1.0,1.0,9.324343,1.0,113.28819,94.37966,31.32211,1.0,1.0,1.0,67.93247,42.110195,1.0,70.613846,1.0,1.0,1.0,1.0,61.779984,1.0,1.0
29.010498,1.0,1.0003728,1.0,1.0,1.0,9.181093,1.0,176.33096,119.166504,35.40157,1.0,1.0,1.0,68.26478,45.93467,1.0,76.56377,1.0,1.0,1.0,1.0,79.38697,1.0,1.0
28.367605,1.0,1.0004709,1.0,1.0,1.0,9.020336,1.0,172.2902,116.42378,34.63986,1.0,1.0,1.0,66.691185,44.918217,1.0,74.8074,1.0,1.0,1.0,1.0,77.61571,1.0,1.0
28.039907,1.0,1.0005252,1.0,1.0,1.0,8.937716,1.0,170.20476,115.011314,34.244854,1.0,1.0,1.0,65.88965,44.394657,1.0,73.90933,1.0,1.0,1.0,1.0,76.69412,1.0,1.0
35.512283,1.0,1.0000008,1.0,1.0,1.0,10.520857,1.0,202.16563,139.57903,40.227936,1.0,1.0,1.0,83.93752,53.979588,1.0,92.06031,1.0,1.0,1.0,1.0,89.442406,1.0,1.0
37.860672,1.0,1.0,1.0070052,1.0,1.0,12.343162,1.0,120.66728,113.05857,41.50976,1.0,1.0,1.0,85.87712,54.070034,1.0,88.85624,1.0,1.0,1.0,1.0,78.302734,1.0,1.0
37.7987,1.0,1.0,1.0068102,1.0,1.0,12.321424,1.0,120.678535,112.95013,41.438366,1.0,1.0,1.0,85.7587,53.990345,1.0,88.73764,1.0,1.0,1.0,1.0,78.19234,1.0,1.0
36.641773,1.0,1.0,1.0028117,1.0,1.0,11.830947,1.0,123.00877,111.646194,39.92484,1.0,1.0,1.0,83.698586,52.464207,1.0,86.69497,1.0,1.0,1.0,1.0,76.182816,1.0,1.0
37.09053,1.0,1.0,1.0037382,1.0,1.0,12.01143,1.0,122.455925,112.27794,40.493732,1.0,1.0,1.0,84.53199,53.06064,1.0,87.526695,1.0,1.0,1.0,1.0,76.98289,1.0,1.0
37.03,1.0,1.0,1.0030463,1.0,1.0,11.965459,1.0,123.47673,112.552124,40.392757,1.0,1.0,1.0,84.521385,53.012127,1.0,87.53798,1.0,1.0,1.0,1.0,76.95967,1.0,1.0
38.349236,1.0,1.0,1.0007241,1.0,1.0,12.138689,1.0,134.92915,119.257904,41.54792,1.0,1.0,1.0,88.270905,55.04495,1.0,91.53417,1.0,1.0,1.0,1.0,80.288284,1.0,1.0
38.491673,1.0,1.0,1.001819,1.0,1.0,12.322099,1.0,130.00037,117.69236,41.907784,1.0,1.0,1.0,88.06366,55.130066,1.0,91.23342,1.0,1.0,1.0,1.0,80.17461,1.0,1.0
37.196205,1.0,1.0,1.0006444,1.0,1.0,11.771766,1.0,132.77463,116.310326,40.22747,1.0,1.0,1.0,85.76587,53.430466,1.0,88.96427,1.0,1.0,1.0,1.0,77.97026,1.0,1.0
37.539986,1.0,1.0,1.0013884,1.0,1.0,11.990793,1.0,129.26852,115.63867,40.768593,1.0,1.0,1.0,86.1033,53.815727,1.0,89.23635,1.0,1.0,1.0,1.0,78.32659,1.0,1.0
38.26101,1.0,1.0,1.0026685,1.0,1.0,12.312735,1.0,127.21992,116.234276,41.739193,1.0,1.0,1.0,87.328094,54.758358,1.0,90.44138,1.0,1.0,1.0,1.0,79.539375,1.0,1.0
38.35183,1.0,1.0,1.000107,1.0,1.0,11.856642,1.0,145.7452,123.29801,41.162876,1.0,1.0,1.0,89.336174,55.29136,1.0,92.813736,1.0,1.0,1.0,1.0,81.162865,1.0,1.0
38.589676,1.0,1.0,1.0002115,1.0,1.0,12.029577,1.0,142.47342,122.52196,41.57039,1.0,1.0,1.0,89.48894,55.542057,1.0,92.90747,1.0,1.0,1.0,1.0,81.3443,1.0,1.0
36.72873,1.0,1.0,1.0001221,1.0,1.0,11.3828,1.0,141.0936,118.53308,39.351852,1.0,1.0,1.0,85.65327,52.975704,1.0,89.00184,1.0,1.0,1.0,1.0,77.75487,1.0,1.0
32.18038,1.0,1.0,1.0000012,1.0,1.0,9.717888,1.0,154.81534,115.21778,34.20185,1.0,1.0,1.0,77.24808,47.488007,1.0,81.417305,1.0,1.0,1.0,1.0,71.77407,1.0,1.0
34.233963,1.0,1.0,1.000004,1.0,1.0,10.359771,1.0,153.74803,118.64514,36.385506,1.0,1.0,1.0,81.60539,50.125916,1.0,85.50468,1.0,1.0,1.0,1.0,74.91054,1.0,1.0
29.654108,1.0,1.0000001,1.0000007,1.0,1.0,9.050664,1.0,149.75789,108.56424,31.804901,1.0,1.0,1.0,70.95469,44.034794,1.0,75.46763,1.0,1.0,1.0,1.0,67.63596,1.0,1.0
30.144855,1.0,1.0000025,1.0,1.0,1.0,9.162014,1.0,166.29797,115.847015,33.532608,1.0,1.0,1.0,71.14169,45.363644,1.0,77.482605,1.0,1.0,1.0,1.0,73.6108,1.0,1.0
31.654514,1.0,1.0000002,1.0,1.0,1.0,9.44524,1.0,168.58766,119.28667,34.397938,1.0,1.0,1.0,75.178345,47.223423,1.0,81.03906,1.0,1.0,1.0,1.0,74.8292,1.0,1.0
29.983995,1.0,1.0000039,1.0,1.0,1.0,9.148235,1.0,166.66559,115.742485,33.539658,1.0,1.0,1.0,70.66843,45.21854,1.0,77.140236,1.0,1.0,1.0,1.0,73.76809,1.0,1.0
27.321672,1.0,1.0006661,1.0,1.0,1.0,8.755747,1.0,165.63243,111.914795,33.377308,1.0,1.0,1.0,64.135025,43.245785,1.0,71.94174,1.0,1.0,1.0,1.0,74.671684,1.0,1.0
37.575836,1.0,1.0,1.0214334,1.0,1.0,12.435541,1.0,113.415474,109.856445,41.459003,1.0,1.0,1.0,84.577934,53.528713,1.0,87.419945,1.0,1.0,1.0,1.0,77.24717,1.0,1.0
37.5159,1.0,1.0,1.0155193,1.0,1.0,12.365854,1.0,115.15602,110.388596,41.318356,1.0,1.0,1.0,84.63799,53.488132,1.0,87.511116,1.0,1.0,1.0,1.0,77.26374,1.0,1.0
37.25103,1.0,1.0,1.0148206,1.0,1.0,12.277786,1.0,114.78718,109.756805,41.008793,1.0,1.0,1.0,84.07723,53.120174,1.0,86.93695,1.0,1.0,1.0,1.0,76.73815,1.0,1.0
38.190655,1.0,1.0,1.0151584,1.0,1.0,12.568033,1.0,116.909454,112.300545,42.076748,1.0,1.0,1.0,86.14953,54.445015,1.0,89.072426,1.0,1.0,1.0,1.0,78.66497,1.0,1.0
28.945276,1.0,1.0003643,1.0,1.0,1.0,9.169575,1.0,175.78716,118.80736,35.294697,1.0,1.0,1.0,68.11619,45.811718,1.0,76.377266,1.0,1.0,1.0,1.0,79.11457,1.0,1.0
28.430258,1.0,1.0004177,1.0,1.0,1.0,9.039655,1.0,172.425,116.53905,34.651756,1.0,1.0,1.0,66.859,44.971497,1.0,74.95657,1.0,1.0,1.0,1.0,77.604546,1.0,1.0
38.097736,1.0,1.0,1.0304289,1.0,1.0,12.659882,1.0,112.60322,110.54596,42.151943,1.0,1.0,1.0,85.53594,54.236687,1.0,88.381516,1.0,1.0,1.0,1.0,78.19528,1.0,1.0
37.232513,1.0,1.0,1.0091772,1.0,1.0,12.205454,1.0,117.549545,110.751144,40.89491,1.0,1.0,1.0,84.334335,53.173153,1.0,87.24833,1.0,1.0,1.0,1.0,76.925835,1.0,1.0
37.331024,1.0,1.0,1.0195957,1.0,1.0,12.357844,1.0,113.34389,109.38463,41.18659,1.0,1.0,1.0,84.10095,53.2157,1.0,86.94149,1.0,1.0,1.0,1.0,76.80753,1.0,1.0
37.271618,1.0,1.0,1.0036428,1.0,1.0,12.071528,1.0,122.982216,112.83613,40.72691,1.0,1.0,1.0,84.95589,53.344925,1.0,87.97463,1.0,1.0,1.0,1.0,77.401085,1.0,1.0
37.58299,1.0,1.0,1.0451993,1.0,1.0,12.56828,1.0,109.04908,108.27327,41.667324,1.0,1.0,1.0,84.15931,53.461586,1.0,86.92782,1.0,1.0,1.0,1.0,76.97105,1.0,1.0
36.190758,1.0,1.0,1.3849229,1.0,1.0,12.52471,1.0,93.415115,100.02528,40.7074,1.0,1.0,1.0,79.77444,51.2982,1.0,82.30787,1.0,1.0,1.0,1.0,73.51637,1.0,1.0
35.390244,1.0,1.0,1.6367611,1.0,1.0,12.395051,1.0,88.59268,96.90025,40.03961,1.0,1.0,1.0,77.71639,50.182076,1.0,80.196724,1.0,1.0,1.0,1.0,71.93414,1.0,1.0
27.421766,1.0,1.0006216,1.0,1.0,1.0,8.783625,1.0,166.17845,112.2932,33.476547,1.0,1.0,1.0,64.384735,43.390305,1.0,72.20864,1.0,1.0,1.0,1.0,74.889305,1.0,1.0
27.630077,1.0,1.0005722,1.0,1.0,1.0,8.837185,1.0,167.46782,113.168396,33.719,1.0,1.0,1.0,64.8952,43.71621,1.0,72.77568,1.0,1.0,1.0,1.0,75.44876,1.0,1.0
26.328314,1.0,1.0008802,1.0,1.0,1.0,8.50209,1.0,159.17595,107.56932,32.14734,1.0,1.0,1.0,61.712135,41.636223,1.0,69.20715,1.0,1.0,1.0,1.0,71.794685,1.0,1.0
26.88989,1.0,1.0007415,1.0,1.0,1.0,8.646717,1.0,162.79356,110.006744,32.834892,1.0,1.0,1.0,63.085438,42.541172,1.0,70.75214,1.0,1.0,1.0,1.0,73.3964,1.0,1.0
35.347466,1.0,1.0,1.4792107,1.0,1.0,12.316465,1.0,90.110275,97.2854,39.855946,1.0,1.0,1.0,77.77951,50.111614,1.0,80.25162,1.0,1.0,1.0,1.0,71.7956,1.0,1.0
37.926765,1.0,1.0,1.2234714,1.0,1.0,12.947185,1.0,100.53434,105.80872,42.4722,1.0,1.0,1.0,83.916885,53.75983,1.0,86.58544,1.0,1.0,1.0,1.0,77.11542,1.0,1.0
38.074375,1.0,1.0,1.3665848,1.0,1.0,13.097979,1.0,98.24043,105.34665,42.836174,1.0,1.0,1.0,83.98513,53.974407,1.0,86.665184,1.0,1.0,1.0,1.0,77.45503,1.0,1.0
35.717094,1.0,1.0,1.6201546,1.0,1.0,12.484253,1.0,89.57018,97.85348,40.37936,1.0,1.0,1.0,78.45672,50.63049,1.0,80.95452,1.0,1.0,1.0,1.0,72.59199,1.0,1.0
34.620346,1.0,1.0,1.1052467,1.0,1.0,11.820934,1.0,96.80623,98.260414,38.59607,1.0,1.0,1.0,77.07073,49.212704,1.0,79.56806,1.0,1.0,1.0,1.0,70.58221,1.0,1.0
35.09783,1.0,1.0,1.0456564,1.0,1.0,11.82921,1.0,102.89824,101.39328,38.926907,1.0,1.0,1.0,78.643684,49.99308,1.0,81.255615,1.0,1.0,1.0,1.0,71.91039,1.0,1.0
40.34694,1.0,1.0,1.0015314,1.0,1.0,12.853912,1.0,135.4999,123.17386,43.93696,1.0,1.0,1.0,92.276024,57.749893,1.0,95.58647,1.0,1.0,1.0,1.0,84.04252,1.0,1.0
38.65306,1.0,1.0,1.0000147,1.0,1.0,11.656234,1.0,157.75813,128.32027,41.061333,1.0,1.0,1.0,91.09232,55.94149,1.0,94.8007,1.0,1.0,1.0,1.0,82.649635,1.0,1.0
39.103775,1.0,1.0,1.0298514,1.0,1.0,12.979331,1.0,114.85062,113.31916,43.367535,1.0,1.0,1.0,87.74755,55.697845,1.0,90.693016,1.0,1.0,1.0,1.0,80.349365,1.0,1.0
36.94338,1.0,1.0,1.0000342,1.0,1.0,11.254177,1.0,148.86925,121.80167,39.29005,1.0,1.0,1.0,86.821846,53.406914,1.0,90.31594,1.0,1.0,1.0,1.0,78.7308,1.0,1.0
37.296703,1.0,1.0,1.0000131,1.0,1.0,11.261448,1.0,155.04555,124.781685,39.574207,1.0,1.0,1.0,88.08716,54.06676,1.0,91.75654,1.0,1.0,1.0,1.0,79.99261,1.0,1.0
36.93718,1.0,1.0,1.5038116,1.0,1.0,12.828735,1.0,93.448616,101.576805,41.747845,1.0,1.0,1.0,81.24463,52.390274,1.0,83.86156,1.0,1.0,1.0,1.0,75.19668,1.0,1.0
40.778645,1.0,1.0,1.0192103,1.0,1.0,13.389362,1.0,121.711845,118.90134,45.033768,1.0,1.0,1.0,91.725784,58.041306,1.0,94.79932,1.0,1.0,1.0,1.0,83.87027,1.0,1.0
41.378754,1.0,1.0,1.0022771,1.0,1.0,13.228787,1.0,135.59584,125.15702,45.211132,1.0,1.0,1.0,94.32263,59.16395,1.0,97.66693,1.0,1.0,1.0,1.0,86.01309,1.0,1.0
41.09869,1.0,1.0,1.0052192,1.0,1.0,13.276281,1.0,130.11647,122.60496,45.089252,1.0,1.0,1.0,93.21827,58.66486,1.0,96.45287,1.0,1.0,1.0,1.0,85.08515,1.0,1.0
41.074074,1.0,1.0,1.002201,1.0,1.0,13.1307955,1.0,135.08098,124.39268,44.855114,1.0,1.0,1.0,93.66946,58.736706,1.0,96.994835,1.0,1.0,1.0,1.0,85.396645,1.0,1.0
41.05674,1.0,1.0,1.0054411,1.0,1.0,13.269247,1.0,129.78227,122.39699,45.0448,1.0,1.0,1.0,93.09824,58.594627,1.0,96.32371,1.0,1.0,1.0,1.0,84.97394,1.0,1.0
41.333466,1.0,1.0,1.0005255,1.0,1.0,12.989562,1.0,143.94269,128.16357,44.82852,1.0,1.0,1.0,95.06403,59.27953,1.0,98.566345,1.0,1.0,1.0,1.0,86.55515,1.0,1.0
40.327717,1.0,1.0,1.0003738,1.0,1.0,12.635786,1.0,143.47404,126.11338,43.62438,1.0,1.0,1.0,93.027374,57.90639,1.0,96.49851,1.0,1.0,1.0,1.0,84.63928,1.0,1.0
40.900074,1.0,1.0,1.0010939,1.0,1.0,12.968821,1.0,138.7226,125.41363,44.495724,1.0,1.0,1.0,93.69135,58.577404,1.0,97.08082,1.0,1.0,1.0,1.0,85.33614,1.0,1.0
41.364456,1.0,1.0,1.0024971,1.0,1.0,13.240171,1.0,135.03856,124.922356,45.215473,1.0,1.0,1.0,94.23974,59.132244,1.0,97.57244,1.0,1.0,1.0,1.0,85.94403,1.0,1.0
41.52961,1.0,1.0,1.0029149,1.0,1.0,13.313603,1.0,134.5274,125.04158,45.436626,1.0,1.0,1.0,94.51176,59.343006,1.0,97.838844,1.0,1.0,1.0,1.0,86.216675,1.0,1.0
41.2292,1.0,1.0,1.0027213,1.0,1.0,13.212472,1.0,134.21541,124.363754,45.081787,1.0,1.0,1.0,93.88857,58.92967,1.0,97.20242,1.0,1.0,1.0,1.0,85.62763,1.0,1.0
41.53419,1.0,1.0,1.0018837,1.0,1.0,13.245994,1.0,137.06871,125.99106,45.34049,1.0,1.0,1.0,94.77656,59.40493,1.0,98.15189,1.0,1.0,1.0,1.0,86.4118,1.0,1.0
40.76779,1.0,1.0,1.0005517,1.0,1.0,12.827101,1.0,142.31915,126.50375,44.20174,1.0,1.0,1.0,93.78586,58.477898,1.0,97.24389,1.0,1.0,1.0,1.0,85.37014,1.0,1.0
41.06818,1.0,1.0,1.0008651,1.0,1.0,12.985369,1.0,140.46466,126.3763,44.637295,1.0,1.0,1.0,94.19712,58.84555,1.0,97.62578,1.0,1.0,1.0,1.0,85.78882,1.0,1.0
40.660065,1.0,1.0,1.0009657,1.0,1.0,12.879043,1.0,138.85785,125.01831,44.202534,1.0,1.0,1.0,93.231575,58.258564,1.0,96.62027,1.0,1.0,1.0,1.0,84.90151,1.0,1.0
40.85203,1.0,1.0,1.0014918,1.0,1.0,13.003867,1.0,136.80739,124.61754,44.51681,1.0,1.0,1.0,93.406166,58.47494,1.0,96.75973,1.0,1.0,1.0,1.0,85.10792,1.0,1.0
40.884457,1.0,1.0,1.000945,1.0,1.0,12.944077,1.0,139.51474,125.682915,44.452793,1.0,1.0,1.0,93.74116,58.57864,1.0,97.14822,1.0,1.0,1.0,1.0,85.37487,1.0,1.0
41.15548,1.0,1.0,1.0022795,1.0,1.0,13.162603,1.0,135.06721,124.54224,44.95855,1.0,1.0,1.0,93.829704,58.849415,1.0,97.158035,1.0,1.0,1.0,1.0,85.55266,1.0,1.0
40.450085,1.0,1.0,1.0020242,1.0,1.0,12.931037,1.0,134.08122,122.85678,44.134693,1.0,1.0,1.0,92.33909,57.871563,1.0,95.63168,1.0,1.0,1.0,1.0,84.15121,1.0,1.0
40.75736,1.0,1.0,1.0014672,1.0,1.0,12.972744,1.0,136.6732,124.39247,44.4079,1.0,1.0,1.0,93.20625,58.344856,1.0,96.555534,1.0,1.0,1.0,1.0,84.921814,1.0,1.0
40.80889,1.0,1.0,1.0015838,1.0,1.0,13.001027,1.0,136.36021,124.37098,44.482414,1.0,1.0,1.0,93.27676,58.407345,1.0,96.620834,1.0,1.0,1.0,1.0,84.99397,1.0,1.0
40.943535,1.0,1.0,1.0012455,1.0,1.0,13.003246,1.0,138.06496,125.25583,44.57982,1.0,1.0,1.0,93.71303,58.626644,1.0,97.093025,1.0,1.0,1.0,1.0,85.37479,1.0,1.0
40.186836,1.0,1.0,1.0015965,1.0,1.0,12.814509,1.0,134.82875,122.64162,43.783752,1.0,1.0,1.0,91.89503,57.5312,1.0,95.19577,1.0,1.0,1.0,1.0,83.71177,1.0,1.0
40.086674,1.0,1.0,1.0008004,1.0,1.0,12.677201,1.0,138.54655,123.83593,43.51911,1.0,1.0,1.0,92.06554,57.47571,1.0,95.43709,1.0,1.0,1.0,1.0,83.808784,1.0,1.0
41.055813,1.0,1.0,1.00197,1.0,1.0,13.109663,1.0,135.6784,124.58149,44.8121,1.0,1.0,1.0,93.69493,58.727734,1.0,97.0324,1.0,1.0,1.0,1.0,85.40947,1.0,1.0
41.24875,1.0,1.0,1.0026639,1.0,1.0,13.215314,1.0,134.38124,124.46369,45.10109,1.0,1.0,1.0,93.94462,58.961426,1.0,97.262695,1.0,1.0,1.0,1.0,85.67924,1.0,1.0
39.29459,1.0,1.0,1.0017458,1.0,1.0,12.556532,1.0,132.17844,119.988754,42.79289,1.0,1.0,1.0,89.863106,56.25829,1.0,93.091324,1.0,1.0,1.0,1.0,81.832245,1.0,1.0
39.841938,1.0,1.0,1.001292,1.0,1.0,12.674525,1.0,135.2221,122.14092,43.34248,1.0,1.0,1.0,91.24968,57.067432,1.0,94.549065,1.0,1.0,1.0,1.0,83.08853,1.0,1.0
40.30511,1.0,1.0,1.0016606,1.0,1.0,12.855828,1.0,134.88452,122.88278,43.925285,1.0,1.0,1.0,92.134056,57.692383,1.0,95.43833,1.0,1.0,1.0,1.0,83.93736,1.0,1.0
40.757748,1.0,1.0,1.0022742,1.0,1.0,13.041389,1.0,134.1372,123.453125,44.508045,1.0,1.0,1.0,92.95145,58.289185,1.0,96.25209,1.0,1.0,1.0,1.0,84.73401,1.0,1.0
40.622025,1.0,1.0,1.0022926,1.0,1.0,13.001979,1.0,133.76984,123.06238,44.356106,1.0,1.0,1.0,92.64653,58.09677,1.0,95.936844,1.0,1.0,1.0,1.0,84.45054,1.0,1.0
40.643227,1.0,1.0,1.0011845,1.0,1.0,12.904196,1.0,137.6393,124.53585,44.228695,1.0,1.0,1.0,93.07663,58.20921,1.0,96.441246,1.0,1.0,1.0,1.0,84.77736,1.0,1.0
